[gd_scene load_steps=24 format=3 uid="uid://dcc57sfg8omc7"]

[ext_resource type="PackedScene" uid="uid://c5v5umkdw8wsw" path="res://Objects/cube.tscn" id="1_5f1dg"]
[ext_resource type="PackedScene" uid="uid://caahgkkfwpwct" path="res://Objects/red_button.tscn" id="3_j1g3y"]
[ext_resource type="PackedScene" uid="uid://bxjxcl1rx4afl" path="res://Main/door.tscn" id="4_6ryya"]
[ext_resource type="Texture2D" uid="uid://dqq7prwxbsg2j" path="res://Objects/Grass/1/Ground037_1K-JPG_Color.jpg" id="4_cj3vt"]
[ext_resource type="Texture2D" uid="uid://nc5yfua7wxtq" path="res://Objects/Grass/1/Ground037_1K-JPG_Displacement.jpg" id="5_sfbcy"]
[ext_resource type="Texture2D" uid="uid://co8u2r7r4vjgr" path="res://Objects/Grass/1/Ground037_1K-JPG_NormalDX.jpg" id="6_u45ex"]
[ext_resource type="Texture2D" uid="uid://cqdxjliukecc7" path="res://Objects/Grass/1/Ground037_1K-JPG_Roughness.jpg" id="7_5wg5f"]
[ext_resource type="PackedScene" uid="uid://es1ayoin2pk7" path="res://Objects/floor/Floor.tscn" id="12_svhyn"]
[ext_resource type="Texture2D" uid="uid://crogynfeixsl6" path="res://Objects/Placeholder/Prototype_Grid_Gray_09-256x256.png" id="15_rcsvk"]
[ext_resource type="PackedScene" uid="uid://dr00dqqqp3wbf" path="res://Objects/Quartz/Quartzite/quartzite.tscn" id="16_f2ovt"]
[ext_resource type="PackedScene" uid="uid://dc1tba4wjti4h" path="res://Main/Enemies/Casual/casual_enemy.tscn" id="17_lsn5g"]
[ext_resource type="PackedScene" uid="uid://ckc1saq8s40bw" path="res://Main/PlayerV2/Player.tscn" id="25_552ag"]

[sub_resource type="ProceduralSkyMaterial" id="ProceduralSkyMaterial_pr4o7"]
sky_horizon_color = Color(0.64625, 0.65575, 0.67075, 1)
ground_horizon_color = Color(0.64625, 0.65575, 0.67075, 1)

[sub_resource type="Sky" id="Sky_lc2de"]
sky_material = SubResource("ProceduralSkyMaterial_pr4o7")

[sub_resource type="Environment" id="Environment_rqqk8"]
background_mode = 2
sky = SubResource("Sky_lc2de")

[sub_resource type="NavigationMesh" id="NavigationMesh_cuq68"]
vertices = PackedVector3Array(0.25, 0.5, -1.25, 0.75, 0.5, -2.75, 0.25, 0.5, -3, -5, 0.5, -1.25, -29.25, 0.5, 1.25, -11.25, 0.5, -0.75, -10.75, 0.5, -1.25, -10.75, 0.5, -1.25, -5, 0.5, -1.25, 0.25, 0.5, -3, 0.25, 0.5, -11.25, -10.75, 0.5, -1.25, 0.25, 0.5, -11.25, 1.5, 0.5, -29.25, -29.25, 0.5, -29.25, -29.25, 0.5, 1.25, 0.25, 0.5, -11.25, 1.5, 0.5, -11.75, 1.5, 0.5, -29.25, -29.25, 0.5, 1.25, -11.25, 0.5, 1.25, -11.25, 0.5, -0.75, 1.5, 0.5, -29.25, 1.5, 0.5, -11.75, 2.5, 0.5, -11.75, 2.5, 0.5, -11.75, 29.25, 0.5, -11.75, 29.25, 0.5, -29.25, 1.5, 0.5, -29.25, 3, 0.5, -3, 2.5, 0.5, -2.75, 3, 0.5, -2, 29.25, 0.5, -11.75, 3, 0.5, 2.75, 1.75, 0.5, 3.25, 1.75, 0.5, 3.5, 3, 0.5, 4, 29.25, 0.5, 13.25, 29.25, 0.5, -11.75, 3, 0.5, -2, 3, 0.5, 2.75, 29.25, 0.5, 13.25, 3, 0.5, 12.75, 2.5, 0.5, 13.25, 29.25, 0.5, 13.25, 29.25, 0.5, -11.75, 2.5, 0.5, -11.75, 3, 0.5, -11.25, 29.25, 0.5, -11.75, 3, 0.5, -11.25, 3, 0.5, -3, 3, 0.5, 4, 3, 0.5, 12.75, 29.25, 0.5, 13.25, 0.25, 0.5, 4, 1.75, 0.5, 3.5, 1.75, 0.5, 3.25, 0.25, 0.5, 2.75, -4.5, 0.5, 4.75, 0.25, 0.5, 2.75, 0.25, 0.5, -1.25, -4.5, 0.5, -0.75, -4.5, 0.5, 4.75, 0.25, 0.5, -1.25, -5, 0.5, -1.25, -4.5, 0.5, -0.75, -4.5, 0.5, 4.75, -5, 0.5, 5.25, 0.25, 0.5, 5.25, 0.25, 0.5, 4, -9.75, 10.5, 0.25, -9.75, 10.5, 4, -6, 10.5, 4, -6, 10.5, 0.25, -9.5, 0.5, 0.5, -9.5, 0.5, 3.75, -6.25, 0.5, 3.75, -6.25, 0.5, 0.5, -29.25, 0.5, 3, -11.25, 0.5, 3, -11.25, 0.5, 1.25, -29.25, 0.5, 1.25, 0.25, 0.5, 12.75, 0.25, 0.5, 5.25, -5, 0.5, 5.25, -10.75, 0.5, 5.5, 1.5, 0.5, 29.25, 0.25, 0.5, 12.75, -10.75, 0.5, 5.5, -29.25, 0.5, 3, -29.25, 0.5, 29.25, 1.5, 0.5, 29.25, 1.5, 0.5, 13.25, 0.25, 0.5, 12.75, -11.25, 0.5, 5, -11.25, 0.5, 3, -29.25, 0.5, 3, -10.75, 0.5, 5.5, -11.25, 0.5, 5, -29.25, 0.5, 3, 2.5, 0.5, 13.25, 1.5, 0.5, 13.25, 1.5, 0.5, 29.25, 29.25, 0.5, 29.25, 29.25, 0.5, 13.25, 2.5, 0.5, 13.25, 1.5, 0.5, 29.25)
polygons = [PackedInt32Array(1, 0, 2), PackedInt32Array(2, 0, 3), PackedInt32Array(6, 5, 4), PackedInt32Array(8, 7, 9), PackedInt32Array(9, 7, 10), PackedInt32Array(12, 11, 13), PackedInt32Array(13, 11, 15), PackedInt32Array(13, 15, 14), PackedInt32Array(18, 17, 16), PackedInt32Array(21, 20, 19), PackedInt32Array(24, 23, 22), PackedInt32Array(26, 25, 27), PackedInt32Array(27, 25, 28), PackedInt32Array(30, 29, 31), PackedInt32Array(31, 29, 32), PackedInt32Array(34, 33, 35), PackedInt32Array(35, 33, 36), PackedInt32Array(36, 33, 37), PackedInt32Array(39, 38, 40), PackedInt32Array(40, 38, 41), PackedInt32Array(44, 43, 42), PackedInt32Array(47, 46, 45), PackedInt32Array(50, 49, 48), PackedInt32Array(53, 52, 51), PackedInt32Array(55, 54, 56), PackedInt32Array(56, 54, 57), PackedInt32Array(57, 54, 58), PackedInt32Array(60, 59, 61), PackedInt32Array(61, 59, 62), PackedInt32Array(65, 64, 63), PackedInt32Array(67, 66, 68), PackedInt32Array(68, 66, 69), PackedInt32Array(73, 72, 70), PackedInt32Array(70, 72, 71), PackedInt32Array(77, 76, 74), PackedInt32Array(74, 76, 75), PackedInt32Array(81, 80, 78), PackedInt32Array(78, 80, 79), PackedInt32Array(83, 82, 84), PackedInt32Array(84, 82, 85), PackedInt32Array(87, 86, 88), PackedInt32Array(88, 86, 89), PackedInt32Array(89, 86, 90), PackedInt32Array(93, 92, 91), PackedInt32Array(96, 95, 94), PackedInt32Array(99, 98, 97), PackedInt32Array(102, 101, 100), PackedInt32Array(104, 103, 105), PackedInt32Array(105, 103, 106)]
agent_radius = 0.75

[sub_resource type="StandardMaterial3D" id="StandardMaterial3D_yk5yy"]
albedo_texture = ExtResource("4_cj3vt")
roughness_texture = ExtResource("7_5wg5f")
normal_enabled = true
normal_scale = 1.8
normal_texture = ExtResource("6_u45ex")
heightmap_scale = -3.791
heightmap_texture = ExtResource("5_sfbcy")
uv1_triplanar = true

[sub_resource type="BoxMesh" id="BoxMesh_irrgn"]
material = SubResource("StandardMaterial3D_yk5yy")

[sub_resource type="StandardMaterial3D" id="StandardMaterial3D_ny0dm"]
albedo_texture = ExtResource("15_rcsvk")
uv1_scale = Vector3(5, 10, 5)
uv1_offset = Vector3(0.5, 0, 0.5)
uv1_triplanar = true

[sub_resource type="BoxMesh" id="BoxMesh_i63ln"]
material = SubResource("StandardMaterial3D_ny0dm")

[sub_resource type="ViewportTexture" id="ViewportTexture_uvf12"]
viewport_path = NodePath("SubViewport")

[sub_resource type="StandardMaterial3D" id="StandardMaterial3D_ffgsx"]
albedo_texture = ExtResource("15_rcsvk")
uv1_scale = Vector3(60, 2, 60)
uv1_triplanar = true

[sub_resource type="BoxMesh" id="BoxMesh_4qi6l"]
material = SubResource("StandardMaterial3D_ffgsx")

[node name="Node3D" type="Node3D"]

[node name="WorldEnvironment" type="WorldEnvironment" parent="."]
environment = SubResource("Environment_rqqk8")

[node name="DirectionalLight3D" type="DirectionalLight3D" parent="."]
transform = Transform3D(-0.882948, 0.0956522, -0.459624, -3.72529e-09, 0.979024, 0.203744, 0.469472, 0.179896, -0.864427, 0, 11, -24)
shadow_enabled = true

[node name="RedButton" parent="." node_paths=PackedStringArray("doors") instance=ExtResource("3_j1g3y")]
transform = Transform3D(-0.000191971, -1, 0, 1, -0.000191971, 0, 0, 0, 1, 1.14977, 2.14706, 0)
doors = [NodePath("../Door_1"), NodePath("../Door_2")]

[node name="Door_1" parent="." instance=ExtResource("1_5f1dg")]
transform = Transform3D(0.348, 0, 0, 0, 2.622, 0, 0, 0, 2.07, 2.198, 0.5, 2.25)

[node name="Area3D" parent="Door_1" index="1" groups=["walls"]]

[node name="Door_2" parent="." instance=ExtResource("4_6ryya")]
transform = Transform3D(1, 0, 0, 0, 1, 0, 0, 0, 1.50868, 2.14605, 0.354638, -1.74181)

[node name="NavigationRegion3D" type="NavigationRegion3D" parent="."]
transform = Transform3D(1, 0, 0, 0, 1, 0, 0, 0, 1, 0, 1, 0)
navigation_mesh = SubResource("NavigationMesh_cuq68")

[node name="walls" type="Node" parent="NavigationRegion3D"]

[node name="Cube3" parent="NavigationRegion3D/walls" instance=ExtResource("1_5f1dg")]
transform = Transform3D(1, 0, 0, 0, 2.90712, 0, 0, 0, 7.55942, 2.1974, 0.476447, -10.8141)
script = null

[node name="Area3D" parent="NavigationRegion3D/walls/Cube3" index="1" groups=["walls"]]

[node name="Cube4" parent="NavigationRegion3D/walls" instance=ExtResource("1_5f1dg")]
transform = Transform3D(1, 0, 0, 0, 2.90712, 0, 0, 0, 4.05204, 2.1974, 0.476447, -1.73616)
script = null

[node name="MeshInstance3D" parent="NavigationRegion3D/walls/Cube4/StaticBody3D" index="0"]
mesh = SubResource("BoxMesh_irrgn")

[node name="Area3D" parent="NavigationRegion3D/walls/Cube4" index="1" groups=["walls"]]

[node name="Cube5" parent="NavigationRegion3D/walls" instance=ExtResource("1_5f1dg")]
transform = Transform3D(1, 0, 0, 0, 2.90712, 0, 0, 0, 7.99633, 2.1974, 0.476447, 4.34359)
script = null

[node name="Area3D" parent="NavigationRegion3D/walls/Cube5" index="1" groups=["walls"]]

[node name="Quartzite" parent="NavigationRegion3D/walls" instance=ExtResource("16_f2ovt")]
transform = Transform3D(5, 0, 0, 0, 10, 0, 0, 0, 5, -8, 6, 2)

[node name="MeshInstance3D" parent="NavigationRegion3D/walls/Quartzite/StaticBody3D" index="0"]
mesh = SubResource("BoxMesh_i63ln")

[node name="Area3D" parent="NavigationRegion3D/walls/Quartzite" index="1" groups=["walls"]]

[node name="CollisionShape3D" parent="NavigationRegion3D/walls/Quartzite/Area3D" index="0"]
transform = Transform3D(1, 0, 0, 0, 1, 0, 0, 0, 1, 0, -0.421875, 0)

[node name="Player" parent="." instance=ExtResource("25_552ag")]
transform = Transform3D(1, 0, 0, 0, 1, 0, 0, 0, 1, 0, 2, 0)

[node name="Head" parent="Player/BaseModel3D/Hitbox" index="0"]
transform = Transform3D(0.999864, 0.0105935, 0.0126557, -0.00667959, 0.960949, -0.276644, -0.0150921, 0.276522, 0.960889, -0.000962136, 0.61742, 0.0165106)

[node name="Chest" parent="Player/BaseModel3D/Hitbox" index="1"]
transform = Transform3D(1, 5.53797e-08, -2.90388e-07, -1.29283e-08, 0.990267, 0.139184, 2.95251e-07, -0.139184, 0.990267, -0.000962152, 0.377959, 0.0501674)

[node name="Tummy" parent="Player/BaseModel3D/Hitbox" index="2"]
transform = Transform3D(0.999762, 0.0218126, -4.0109e-08, -0.0217745, 0.998015, 0.0590956, 0.00128907, -0.0590816, 0.998252, -0.00449287, 0.216318, 0.059741)

[node name="Skeleton3D" parent="Player/BaseModel3D/MeshInstance3D/Bones_arm" index="0"]
bones/1/rotation = Quaternion(0.999999, 6.95413e-05, 6.95252e-05, 0.00127178)
bones/4/rotation = Quaternion(-0.147749, 0.0248129, -0.0558581, 0.987134)
bones/5/rotation = Quaternion(0.208023, 0.00303282, 0.0249009, 0.977802)
bones/6/rotation = Quaternion(-0.601515, -0.0474076, 0.0317884, 0.79682)
bones/7/position = Vector3(2.78815e-08, 0.234776, 4.23752e-08)
bones/7/rotation = Quaternion(0.528691, 0.00113688, -0.0257047, 0.848424)
bones/8/rotation = Quaternion(0.0510035, -0.0161757, 0.0653803, 0.996425)
bones/9/rotation = Quaternion(0.112607, -0.00317388, -0.0161543, 0.993503)
bones/10/rotation = Quaternion(-0.676793, 0.0324173, -0.0233983, 0.735087)
bones/11/rotation = Quaternion(0.552153, 0.00036829, -0.0204562, 0.833492)
bones/12/rotation = Quaternion(0.0180996, 0.374281, -0.0205535, 0.926911)
bones/13/rotation = Quaternion(0.0531298, -0.148022, 0.00090347, 0.987556)
bones/14/rotation = Quaternion(-0.0331021, -0.00751286, 0.0040147, 0.999416)
bones/15/rotation = Quaternion(-0.0423379, -0.710186, 0.0579918, 0.700343)
bones/16/rotation = Quaternion(-0.0159144, -0.799647, 0.068115, 0.596382)
bones/17/rotation = Quaternion(-0.0353107, -0.704664, 0.0389919, 0.707589)
bones/18/rotation = Quaternion(-0.0512542, -0.707783, 0.0578808, 0.702187)
bones/20/rotation = Quaternion(-0.0030152, 0.00189091, 0.123549, 0.992332)
bones/21/rotation = Quaternion(0.00306849, -0.00307865, 0.0753708, 0.997146)
bones/23/rotation = Quaternion(0.135349, 0.0261647, 0.0320269, 0.989935)
bones/25/rotation = Quaternion(-0.10329, 0.0246748, 0.0435323, 0.993392)
bones/26/rotation = Quaternion(-0.029559, -0.000322382, -0.0109022, 0.999504)
bones/27/position = Vector3(1.89175e-10, 0.161866, -8.20697e-08)
bones/27/rotation = Quaternion(-0.0402405, -0.000439054, 0.0108981, 0.999131)
bones/28/rotation = Quaternion(0.208401, 0.00729317, -0.0038618, 0.978009)
bones/29/rotation = Quaternion(0.100019, 0.000670231, -0.00486375, 0.994973)
bones/37/rotation = Quaternion(-0.831737, -0.0908855, -0.153838, 0.52563)
bones/38/rotation = Quaternion(-0.201556, -0.0274915, 0.105766, 0.973362)
bones/39/rotation = Quaternion(-0.0463173, 0.0114019, 0.118737, 0.991779)
bones/40/rotation = Quaternion(-0.0119967, 0.0146267, -0.0696177, 0.997394)
bones/41/rotation = Quaternion(0.00622796, -0.0135829, -0.211234, 0.977321)
bones/42/rotation = Quaternion(-0.113851, 0.130102, 0.0354264, 0.984305)
bones/43/rotation = Quaternion(0.550804, 0.279487, 0.691503, -0.374601)
bones/44/rotation = Quaternion(-0.327951, -0.073628, 0.00964658, 0.941772)
bones/45/rotation = Quaternion(-0.0275723, 0.362171, -0.062625, 0.929597)
bones/46/rotation = Quaternion(-0.169936, -0.18205, 0.155889, 0.955865)
bones/47/rotation = Quaternion(-0.35538, 0.0871556, -0.0558972, 0.92897)
bones/48/rotation = Quaternion(0.117862, -0.152362, 0.375289, 0.906671)
bones/49/rotation = Quaternion(-0.105408, -0.144842, 0.661876, 0.727894)
bones/50/rotation = Quaternion(-0.748934, 0.160216, -0.181175, 0.616931)
bones/53/rotation = Quaternion(-0.871427, 0.185917, -0.109687, 0.440476)
bones/54/rotation = Quaternion(-0.246687, -0.00488397, -0.0118134, 0.969011)
bones/55/rotation = Quaternion(-0.252501, -0.020004, -0.0107943, 0.96733)
bones/56/rotation = Quaternion(-0.893968, -0.00523954, -0.261819, 0.363656)
bones/57/rotation = Quaternion(-0.290677, 0.0108367, -0.0873905, 0.95276)
bones/58/rotation = Quaternion(-0.10856, -0.00633208, -0.0277885, 0.993681)
bones/59/rotation = Quaternion(-0.803797, -0.00465139, 0.248908, 0.540308)
bones/60/rotation = Quaternion(-0.357619, -0.0150644, -0.0585481, 0.931909)
bones/61/rotation = Quaternion(-0.110611, -0.013687, -0.0367633, 0.993089)
bones/62/rotation = Quaternion(0.625151, -0.379917, 0.628098, 0.26522)
bones/63/rotation = Quaternion(0.334442, 0.0324972, -0.0823303, 0.938251)
bones/64/rotation = Quaternion(-0.0397533, -0.0722768, -0.0227012, 0.996334)
bones/65/rotation = Quaternion(0.11988, -0.00589765, -0.0104058, 0.992716)
bones/66/rotation = Quaternion(0.0697124, -0.208262, -0.344892, 0.912588)
bones/67/rotation = Quaternion(0.119816, 0.262363, 0.524764, 0.800895)
bones/68/rotation = Quaternion(-0.0864728, 0.266496, 0.604302, 0.74587)
bones/69/rotation = Quaternion(0.470956, 0.23012, -0.0193318, 0.851394)
bones/70/rotation = Quaternion(0.669622, 0.0556969, -0.116525, 0.731387)
bones/71/rotation = Quaternion(0.736369, 0.0708951, -0.138604, 0.658425)
bones/72/rotation = Quaternion(0.63195, 0.147881, -0.166327, 0.742365)
bones/73/rotation = Quaternion(0.357314, 0.226475, -0.0555825, 0.904404)
bones/74/rotation = Quaternion(0.825367, 0.0151413, -0.134936, 0.548025)
bones/75/rotation = Quaternion(0.818221, 0.297734, 0.315761, 0.377046)
bones/76/rotation = Quaternion(0.37508, 0.0178488, 0.156437, 0.913523)
bones/77/rotation = Quaternion(0.542892, 0.222892, 0.343975, 0.732986)
bones/78/rotation = Quaternion(0.748822, 0.127079, 0.0281708, 0.649864)
bones/79/rotation = Quaternion(0.675824, -0.0591321, -0.0691137, 0.731429)
bones/80/rotation = Quaternion(0.591929, 0.0137684, -0.0140942, 0.80575)
bones/81/rotation = Quaternion(-0.681916, -0.152535, 0.694956, 0.16959)
bones/82/rotation = Quaternion(-0.00356063, 0.000794699, 0.0604193, 0.998167)
bones/83/rotation = Quaternion(-3.8184e-11, -1.64054e-11, -0.00110034, 0.999999)
bones/84/rotation = Quaternion(0.00347039, -0.00287107, 0.0365644, 0.999321)
bones/85/rotation = Quaternion(6.79459e-10, -1.3503e-11, 0.0196257, 0.999807)

[node name="C1" parent="Player/BaseModel3D/MeshInstance3D/Bones_arm/Skeleton3D/jiggelers" index="0"]
transform = Transform3D(-0.0158058, -0.0140217, -0.999777, 0.1594, -0.987149, 0.0113246, -0.987087, -0.159186, 0.0178378, -0.00544698, 1.50663, -0.194525)

[node name="C2" parent="Player/BaseModel3D/MeshInstance3D/Bones_arm/Skeleton3D/jiggelers" index="1"]
transform = Transform3D(-0.0154389, -0.00250148, -0.999878, 0.0195497, -0.999807, 0.00219944, -0.99969, -0.0195133, 0.0154848, -0.00868487, 1.27876, -0.231233)

[node name="C3" parent="Player/BaseModel3D/MeshInstance3D/Bones_arm/Skeleton3D/jiggelers" index="2"]
transform = Transform3D(-0.0154543, -0.00126785, -0.99988, 0.0108493, -0.99994, 0.00110024, -0.999821, -0.010831, 0.015467, -0.00930486, 1.03101, -0.236084)

[node name="C4" parent="Player/BaseModel3D/MeshInstance3D/Bones_arm/Skeleton3D/jiggelers" index="3"]
transform = Transform3D(-0.0213363, -0.0034318, -0.999766, -0.0311497, -0.999505, 0.00409568, -0.999286, 0.0312298, 0.0212189, -0.00961853, 0.783771, -0.238784)

[node name="C5" parent="Player/BaseModel3D/MeshInstance3D/Bones_arm/Skeleton3D/jiggelers" index="4"]
transform = Transform3D(-0.0213861, -0.00129674, -0.99977, -0.0352065, -0.999377, 0.00204934, -0.99915, 0.0352422, 0.0213271, -0.0104968, 0.528068, -0.230822)

[node name="HL2" parent="Player/BaseModel3D/MeshInstance3D/Bones_arm/Skeleton3D/jiggelers" index="6"]
transform = Transform3D(0.984463, 0.00898649, 0.17536, -0.149186, 0.569502, 0.808338, -0.0926038, -0.82194, 0.561995, 0.0726535, 4.0075, -0.245695)

[node name="HL3" parent="Player/BaseModel3D/MeshInstance3D/Bones_arm/Skeleton3D/jiggelers" index="7"]
transform = Transform3D(0.965367, -0.243233, -0.0943625, -0.039149, -0.492643, 0.86935, -0.257942, -0.835547, -0.485104, 0.0746545, 2.13422, -0.428445)

[node name="HL4" parent="Player/BaseModel3D/MeshInstance3D/Bones_arm/Skeleton3D/jiggelers" index="8"]
transform = Transform3D(0.992908, -0.106313, 0.0532029, 0.00601675, 0.49189, 0.870635, -0.11873, -0.864141, 0.489041, 0.0142403, 4.01202, -0.635807)

[node name="HL5" parent="Player/BaseModel3D/MeshInstance3D/Bones_arm/Skeleton3D/jiggelers" index="9"]
transform = Transform3D(0.879535, 0.303607, 0.366389, -0.171185, -0.516546, 0.838972, 0.443975, -0.800626, -0.402347, -0.0130563, 2.13819, -0.857306)

[node name="HL6" parent="Player/BaseModel3D/MeshInstance3D/Bones_arm/Skeleton3D/jiggelers" index="10"]
transform = Transform3D(0.864008, 0.15729, 0.478277, -0.497812, 0.408988, 0.764794, -0.0753156, -0.898881, 0.43167, 0.068155, 4.00015, -1.07143)

[node name="LeftHandItem" parent="Player/BaseModel3D/MeshInstance3D/Bones_arm/Skeleton3D" index="6"]
transform = Transform3D(-0.304593, 0.0721047, 0.949749, -0.350999, -0.935454, -0.0415491, 0.885451, -0.346016, 0.310242, 0.394979, 0.932596, -0.0484842)

[node name="BoneAttachment3D2" parent="Player/BaseModel3D/MeshInstance3D/Bones_arm/Skeleton3D" index="7"]
transform = Transform3D(0.130557, -0.106472, 0.985707, 0.183832, -0.974377, -0.129597, 0.974249, 0.198125, -0.107638, -0.410683, 0.953772, 0.0089724)

[node name="CameraAttachment" parent="Player/BaseModel3D/MeshInstance3D/Bones_arm/Skeleton3D" index="8"]
transform = Transform3D(1, 0.000138906, 0.000139227, 0.000139259, -0.999997, -0.00254355, 0.000138873, 0.00254357, -0.999997, -0.00449285, 1.06744, -0.0374968)

[node name="CasualEnemy" parent="." groups=["enemies"] instance=ExtResource("17_lsn5g")]
transform = Transform3D(1, 0, 0, 0, 1, 0, 0, 0, 1, 5, 2, 10)

[node name="Head" parent="CasualEnemy/BaseModel3D/Hitbox" index="0"]
transform = Transform3D(0.999869, 0.0103693, 0.0124589, -0.00561425, 0.942581, -0.33393, -0.0152062, 0.333816, 0.942516, -0.000999451, 0.596794, 0.00765038)

[node name="Chest" parent="CasualEnemy/BaseModel3D/Hitbox" index="1"]
transform = Transform3D(1, -0.000153505, -0.00025608, 0.000145564, 0.999529, -0.0307072, 0.000260673, 0.0307071, 0.999529, -0.000962257, 0.355093, 0.000224113)

[node name="Tummy" parent="CasualEnemy/BaseModel3D/Hitbox" index="2"]
transform = Transform3D(0.999762, 0.0218126, -3.85024e-08, -0.0218114, 0.999709, -0.0103426, -0.00022556, 0.0103401, 0.999947, -0.00449276, 0.193274, -0.00144958)

[node name="Skeleton3D" parent="CasualEnemy/BaseModel3D/MeshInstance3D/Bones_arm" index="0"]
bones/1/rotation = Quaternion(0.999999, 6.95411e-05, 6.9525e-05, 0.00127178)
bones/4/rotation = Quaternion(0.00789076, 0.0173653, -0.0715015, 0.997258)
bones/5/rotation = Quaternion(0.0928717, 0.00392852, 0.000446502, 0.99567)
bones/6/rotation = Quaternion(-0.662828, -0.0469155, 0.0424662, 0.746093)
bones/7/position = Vector3(2.78815e-08, 0.234776, 4.23752e-08)
bones/7/rotation = Quaternion(0.60995, -0.000107991, 0.0108771, 0.792365)
bones/8/rotation = Quaternion(0.00773838, -0.0173141, 0.0622612, 0.99788)
bones/9/rotation = Quaternion(0.0928652, -0.00275523, -0.0166213, 0.995536)
bones/10/rotation = Quaternion(-0.663575, 0.0316773, -0.0221934, 0.74711)
bones/11/rotation = Quaternion(0.609949, 0.000108621, -0.0108743, 0.792366)
bones/12/rotation = Quaternion(0.0130976, 1.57163e-07, 5.5267e-09, 0.999914)
bones/13/rotation = Quaternion(0.00404934, -3.49877e-13, 2.35098e-09, 0.999992)
bones/14/rotation = Quaternion(0.0264906, 1.19103e-07, 1.85464e-08, 0.999649)
bones/15/rotation = Quaternion(0.00121818, -0.707106, -0.00121815, 0.707106)
bones/16/rotation = Quaternion(0.00886906, -0.707051, -0.00886902, 0.707051)
bones/17/rotation = Quaternion(0.00886902, -0.707051, -0.00886901, 0.707051)
bones/18/rotation = Quaternion(0.00886905, -0.707051, -0.00886905, 0.707051)
bones/19/rotation = Quaternion(0.138462, -0.69294, -0.139257, 0.693736)
bones/20/rotation = Quaternion(-0.0030152, 0.00189091, 0.123549, 0.992332)
bones/21/rotation = Quaternion(0.00306849, -0.00307865, 0.0753708, 0.997146)
bones/23/rotation = Quaternion(0.135349, 0.0261647, 0.0320269, 0.989935)
bones/25/rotation = Quaternion(-0.10329, 0.0246748, 0.0435323, 0.993392)
bones/26/rotation = Quaternion(-0.0584845, -0.000637889, -0.0108883, 0.998229)
bones/27/position = Vector3(1.89175e-10, 0.161866, -8.20697e-08)
bones/27/rotation = Quaternion(-0.0789486, -0.000861268, 0.0108729, 0.996819)
bones/28/rotation = Quaternion(0.266528, 2.85927e-07, -6.81911e-08, 0.963827)
bones/29/rotation = Quaternion(0.0859292, 0.000434244, -0.00503598, 0.996288)
bones/37/rotation = Quaternion(-0.824753, -0.0902063, -0.153479, 0.53674)
bones/38/rotation = Quaternion(-0.369388, -0.0318674, 0.0792456, 0.925342)
bones/39/rotation = Quaternion(-0.23056, 0.0533591, 0.0969722, 0.966743)
bones/40/rotation = Quaternion(0.127064, -0.0254363, -0.0532214, 0.990139)
bones/41/rotation = Quaternion(-0.151959, -0.0136799, -0.225251, 0.96228)
bones/42/rotation = Quaternion(-0.212247, 0.102401, -0.0181212, 0.971667)
bones/43/rotation = Quaternion(0.527856, 0.245132, 0.706672, -0.402359)
bones/44/rotation = Quaternion(-0.259576, -0.0522127, 0.0920745, 0.959904)
bones/45/rotation = Quaternion(0.0490901, 0.0247717, -0.213081, 0.975486)
bones/46/rotation = Quaternion(-0.0705564, -0.0303835, 0.00749831, 0.997017)
bones/47/rotation = Quaternion(-0.313596, 0.169142, -0.43259, 0.8282)
bones/48/rotation = Quaternion(0.00566851, -0.235774, 0.250025, 0.939077)
bones/49/rotation = Quaternion(-0.0241852, -0.00325296, 0.157213, 0.987263)
bones/50/rotation = Quaternion(0.0414005, 0.0402817, 0.00294304, 0.998326)
bones/53/rotation = Quaternion(-0.121143, -0.00802981, 0.0320884, 0.992084)
bones/54/rotation = Quaternion(-0.246687, -0.00488397, -0.0118134, 0.969011)
bones/55/rotation = Quaternion(-0.252501, -0.020004, -0.0107943, 0.96733)
bones/56/rotation = Quaternion(-0.228962, 0.00322162, 0.12124, 0.96585)
bones/57/rotation = Quaternion(-0.290677, 0.0108367, -0.0873905, 0.95276)
bones/58/rotation = Quaternion(-0.10856, -0.00633208, -0.0277885, 0.993681)
bones/59/rotation = Quaternion(-0.264974, -0.0259667, 0.145729, 0.952826)
bones/60/rotation = Quaternion(-0.357619, -0.0150644, -0.0585481, 0.931909)
bones/61/rotation = Quaternion(-0.110611, -0.013687, -0.0367633, 0.993089)
bones/62/rotation = Quaternion(0.63782, -0.41748, 0.60696, 0.224713)
bones/63/rotation = Quaternion(0.229546, -0.0391744, 0.0432264, 0.971548)
bones/64/rotation = Quaternion(-0.0470736, -0.0239324, -0.176244, 0.982929)
bones/65/rotation = Quaternion(0.11988, -0.00589765, -0.0104058, 0.992716)
bones/66/rotation = Quaternion(0.234791, -0.0423746, -0.420823, 0.875206)
bones/67/rotation = Quaternion(0.0505031, 0.111403, 0.178242, 0.976355)
bones/68/rotation = Quaternion(-0.0454163, -0.00621085, 0.165554, 0.985135)
bones/69/rotation = Quaternion(-0.0669977, 0.0129571, 4.41657e-05, 0.997669)
bones/70/rotation = Quaternion(0.247768, 0.0215935, -0.05992, 0.966724)
bones/71/rotation = Quaternion(0.0781435, -0.00656807, 0.00464552, 0.99691)
bones/72/rotation = Quaternion(0.115389, 0.0496029, 0.0246531, 0.991775)
bones/73/rotation = Quaternion(0.187795, -0.00564458, -0.0218245, 0.98195)
bones/74/rotation = Quaternion(0.293628, 0.0146252, 0.0073234, 0.95578)
bones/75/rotation = Quaternion(0.208866, 0.0383698, 0.0304925, 0.976715)
bones/76/rotation = Quaternion(0.216501, 0.00782593, -0.0228522, 0.975984)
bones/77/rotation = Quaternion(0.210863, 0.0096588, -0.0297247, 0.977016)
bones/78/rotation = Quaternion(0.281441, 0.074306, 0.071869, 0.953994)
bones/79/rotation = Quaternion(0.240294, 0.0150939, -0.0383223, 0.969826)
bones/80/rotation = Quaternion(0.255192, 0.0502014, -0.0357025, 0.964926)
bones/81/rotation = Quaternion(-0.691689, -0.146852, 0.69169, 0.146852)
bones/82/rotation = Quaternion(-2.64304e-08, 4.5731e-08, 0.0368634, 0.99932)
bones/83/rotation = Quaternion(-3.8184e-11, -1.64054e-11, -0.00110034, 0.999999)
bones/85/rotation = Quaternion(6.79459e-10, -1.3503e-11, 0.0196257, 0.999807)

[node name="C1" parent="CasualEnemy/BaseModel3D/MeshInstance3D/Bones_arm/Skeleton3D/jiggelers" index="0"]
transform = Transform3D(-0.0160098, -0.0134874, -0.999781, 0.246862, -0.969008, 0.00911926, -0.968919, -0.246662, 0.018843, 4.99464, 1.52363, 9.78065)

[node name="C2" parent="CasualEnemy/BaseModel3D/MeshInstance3D/Bones_arm/Skeleton3D/jiggelers" index="1"]
transform = Transform3D(-0.0156937, -0.00232102, -0.999874, 0.0643553, -0.997927, 0.0013064, -0.997804, -0.0643267, 0.0158104, 4.99177, 1.30008, 9.72237)

[node name="C3" parent="CasualEnemy/BaseModel3D/MeshInstance3D/Bones_arm/Skeleton3D/jiggelers" index="2"]
transform = Transform3D(-0.0153549, -0.00135667, -0.999881, 0.0328534, -0.999459, 0.000851585, -0.999341, -0.0328364, 0.0153912, 4.99069, 1.05294, 9.70845)

[node name="C4" parent="CasualEnemy/BaseModel3D/MeshInstance3D/Bones_arm/Skeleton3D/jiggelers" index="3"]
transform = Transform3D(-0.0207082, -0.00428266, -0.999776, -0.0231895, -0.999719, 0.00476274, -0.999516, 0.0232829, 0.0206031, 4.98903, 0.805988, 9.70574)

[node name="C5" parent="CasualEnemy/BaseModel3D/MeshInstance3D/Bones_arm/Skeleton3D/jiggelers" index="4"]
transform = Transform3D(-0.0202753, -0.00194838, -0.999792, -0.0306795, -0.999525, 0.00257003, -0.999323, 0.0307253, 0.020206, 4.98943, 0.550354, 9.70265)

[node name="HL1" parent="CasualEnemy/BaseModel3D/MeshInstance3D/Bones_arm/Skeleton3D/jiggelers" index="5"]
transform = Transform3D(0.775004, -0.139704, 0.61632, -0.490947, -0.747182, 0.447984, 0.397918, -0.649769, -0.647657, 5.42445, 2.44377, 9.27959)

[node name="HL2" parent="CasualEnemy/BaseModel3D/MeshInstance3D/Bones_arm/Skeleton3D/jiggelers" index="6"]
transform = Transform3D(-0.105717, -0.737374, 0.66716, -0.904958, 0.349425, 0.242802, -0.412158, -0.578083, -0.704234, 4.96152, 3.79561, 9.83064)

[node name="HL3" parent="CasualEnemy/BaseModel3D/MeshInstance3D/Bones_arm/Skeleton3D/jiggelers" index="7"]
transform = Transform3D(0.551148, -0.769506, 0.322638, -0.832662, -0.482225, 0.272272, -0.0539311, -0.418711, -0.906516, 4.79658, 1.87351, 9.7026)

[node name="HL4" parent="CasualEnemy/BaseModel3D/MeshInstance3D/Bones_arm/Skeleton3D/jiggelers" index="8"]
transform = Transform3D(-0.214412, -0.769982, 0.60096, -0.855425, 0.445013, 0.264973, -0.471461, -0.457263, -0.754078, 4.60875, 3.75385, 9.59261)

[node name="HL5" parent="CasualEnemy/BaseModel3D/MeshInstance3D/Bones_arm/Skeleton3D/jiggelers" index="9"]
transform = Transform3D(0.690361, -0.561309, 0.456434, -0.697486, -0.68394, 0.213864, 0.19213, -0.466, -0.863671, 4.41467, 1.86835, 9.47059)

[node name="HL6" parent="CasualEnemy/BaseModel3D/MeshInstance3D/Bones_arm/Skeleton3D/jiggelers" index="10"]
transform = Transform3D(-0.448839, -0.831669, 0.326908, -0.893531, 0.422619, -0.151638, -0.0120448, -0.360164, -0.93281, 4.26561, 3.68523, 9.3443)

[node name="LeftHandItem" parent="CasualEnemy/BaseModel3D/MeshInstance3D/Bones_arm/Skeleton3D" index="6"]
transform = Transform3D(-0.328951, 0.00577623, 0.944329, 0.065033, -0.997469, 0.028755, 0.942105, 0.0708716, 0.327742, 0.354595, 0.934608, 0.0936223)

[node name="BoneAttachment3D2" parent="CasualEnemy/BaseModel3D/MeshInstance3D/Bones_arm/Skeleton3D" index="7"]
transform = Transform3D(0.172808, -0.0487222, 0.98375, 0.346704, -0.931845, -0.107055, 0.921919, 0.35957, -0.144138, -0.382964, 0.946515, 0.0569012)

[node name="Sprite3D" parent="CasualEnemy" index="4"]
texture = SubResource("ViewportTexture_uvf12")

[node name="Floor" parent="." instance=ExtResource("12_svhyn")]
transform = Transform3D(60, 0, 0, 0, 2, 0, 0, 0, 60, 0, 0, 0)

[node name="MeshInstance3D" parent="Floor/StaticBody3D" index="1"]
mesh = SubResource("BoxMesh_4qi6l")

[editable path="Door_1"]
[editable path="Door_2"]
[editable path="NavigationRegion3D/walls/Cube3"]
[editable path="NavigationRegion3D/walls/Cube4"]
[editable path="NavigationRegion3D/walls/Cube5"]
[editable path="NavigationRegion3D/walls/Quartzite"]
[editable path="Player"]
[editable path="Player/BaseModel3D/MeshInstance3D/Bones_arm/Skeleton3D/LeftHandItem/Spear"]
[editable path="Player/BaseModel3D/MeshInstance3D/Bones_arm/Skeleton3D/LeftHandItem/BladeOfTheRuinedKing"]
[editable path="Player/BaseModel3D/MeshInstance3D/Bones_arm/Skeleton3D/BoneAttachment3D2/Shield"]
[editable path="Player/Camera"]
[editable path="CasualEnemy"]
[editable path="CasualEnemy/BaseModel3D/MeshInstance3D/Bones_arm/Skeleton3D/LeftHandItem/Spear"]
[editable path="Floor"]
