[gd_scene load_steps=12 format=3 uid="uid://dcc57sfg8omc7"]

[ext_resource type="PackedScene" uid="uid://c5v5umkdw8wsw" path="res://Objects/cube.tscn" id="1_5f1dg"]
[ext_resource type="PackedScene" uid="uid://caahgkkfwpwct" path="res://Objects/red_button.tscn" id="3_j1g3y"]
[ext_resource type="PackedScene" uid="uid://bxjxcl1rx4afl" path="res://Main/door.tscn" id="4_6ryya"]
[ext_resource type="PackedScene" uid="uid://es1ayoin2pk7" path="res://Objects/floor/Floor.tscn" id="12_svhyn"]
[ext_resource type="PackedScene" uid="uid://dr00dqqqp3wbf" path="res://Objects/Quartz/Quartzite/quartzite.tscn" id="16_f2ovt"]
[ext_resource type="PackedScene" uid="uid://dc1tba4wjti4h" path="res://Main/Enemies/Casual/casual_enemy.tscn" id="17_lsn5g"]
[ext_resource type="PackedScene" uid="uid://ckc1saq8s40bw" path="res://Main/PlayerV2/Player.tscn" id="25_552ag"]

[sub_resource type="ProceduralSkyMaterial" id="ProceduralSkyMaterial_pr4o7"]
sky_horizon_color = Color(0.64625, 0.65575, 0.67075, 1)
ground_horizon_color = Color(0.64625, 0.65575, 0.67075, 1)

[sub_resource type="Sky" id="Sky_lc2de"]
sky_material = SubResource("ProceduralSkyMaterial_pr4o7")

[sub_resource type="Environment" id="Environment_rqqk8"]
background_mode = 2
sky = SubResource("Sky_lc2de")

[sub_resource type="NavigationMesh" id="NavigationMesh_cuq68"]
vertices = PackedVector3Array(0.5, 0.969485, -2, 1.5, 0.969485, -2.25, 1.5, 0.969485, -2.75, 0.5, 0.969485, -3, -5.25, 0.969485, -1, -29.5, 0.969485, 1.25, -11, 0.969485, 1.25, -10.75, 0.969485, -1, -5.25, 0.969485, -1, 0.5, 0.969485, -1.25, 0.5, 0.969485, -2, 0.5, 0.969485, -11.25, 1.5, 0.969485, -11.5, 1.5, 0.969485, -29.5, -10.75, 0.969485, -1, -5.25, 0.969485, -1, 0.5, 0.969485, -3, 0.5, 0.969485, -11.25, -10.75, 0.969485, -1, 0.5, 0.969485, -11.25, 1.5, 0.969485, -29.5, -29.5, 0.969485, -29.5, -29.5, 0.969485, 1.25, 1.5, 0.969485, -29.5, 1.5, 0.969485, -11.5, 2.25, 0.969485, -11.5, 29.5, 0.969485, -11.75, 29.5, 0.969485, -29.5, 2.75, 0.969485, 2.75, 1.75, 0.969485, 3, 1.75, 0.969485, 3.75, 2.75, 0.969485, 4, 2.75, 0.969485, 2.75, 2.75, 0.969485, 4, 29.5, 0.969485, 13.25, 2.75, 0.969485, -3, 1.5, 0.969485, -2.75, 1.5, 0.969485, -2.25, 2.75, 0.969485, -2, 2.75, 0.969485, 2.75, 29.5, 0.969485, 13.25, 29.5, 0.969485, -11.75, 2.75, 0.969485, -2, 2.75, 0.969485, 12.75, 2.25, 0.969485, 13, 29.5, 0.969485, 13.25, 29.5, 0.969485, -11.75, 2.25, 0.969485, -11.5, 2.75, 0.969485, -11.25, 29.5, 0.969485, -11.75, 2.75, 0.969485, -11.25, 2.75, 0.969485, -3, 2.75, 0.969485, 4, 2.75, 0.969485, 12.75, 29.5, 0.969485, 13.25, 29.5, 0.969485, -11.75, 2.75, 0.969485, -3, 2.75, 0.969485, -2, 0.5, 0.969485, 4, 1.75, 0.969485, 3.75, 1.75, 0.969485, 3, 0.5, 0.969485, 2.75, -4.75, 0.969485, 4.75, -4.75, 0.969485, -0.75, -4.75, 0.969485, 4.75, 0.5, 0.969485, 2.75, 0.5, 0.969485, -1.25, -4.75, 0.969485, 4.75, -5.25, 0.969485, 5.25, 0.5, 0.969485, 5.25, 0.5, 0.969485, 4, 0.5, 0.969485, -1.25, -5.25, 0.969485, -1, -4.75, 0.969485, -0.75, -10, 11.4695, 0, -10, 11.4695, 4, -6, 11.4695, 4, -6, 11.4695, 0, -29.5, 0.969485, 3, -11, 0.969485, 3, -11, 0.969485, 1.25, -29.5, 0.969485, 1.25, 0.5, 0.969485, 12.75, 0.5, 0.969485, 5.25, -5.25, 0.969485, 5.25, 0.5, 0.969485, 12.75, -5.25, 0.969485, 5.25, -10.75, 0.969485, 5.25, 1.5, 0.969485, 29.5, 1.5, 0.969485, 13, 0.5, 0.969485, 12.75, -10.75, 0.969485, 5.25, -11, 0.969485, 3, -29.5, 0.969485, 3, 1.5, 0.969485, 29.5, 0.5, 0.969485, 12.75, -10.75, 0.969485, 5.25, -29.5, 0.969485, 3, -29.5, 0.969485, 29.5, 2.25, 0.969485, 13, 1.5, 0.969485, 13, 1.5, 0.969485, 29.5, 29.5, 0.969485, 29.5, 29.5, 0.969485, 13.25)
polygons = [PackedInt32Array(1, 0, 2), PackedInt32Array(2, 0, 3), PackedInt32Array(3, 0, 4), PackedInt32Array(7, 6, 5), PackedInt32Array(10, 9, 8), PackedInt32Array(13, 12, 11), PackedInt32Array(15, 14, 16), PackedInt32Array(16, 14, 17), PackedInt32Array(19, 18, 20), PackedInt32Array(20, 18, 22), PackedInt32Array(20, 22, 21), PackedInt32Array(24, 23, 25), PackedInt32Array(25, 23, 26), PackedInt32Array(26, 23, 27), PackedInt32Array(29, 28, 30), PackedInt32Array(30, 28, 31), PackedInt32Array(34, 33, 32), PackedInt32Array(36, 35, 37), PackedInt32Array(37, 35, 38), PackedInt32Array(42, 41, 39), PackedInt32Array(39, 41, 40), PackedInt32Array(43, 45, 44), PackedInt32Array(48, 47, 46), PackedInt32Array(51, 50, 49), PackedInt32Array(54, 53, 52), PackedInt32Array(57, 56, 55), PackedInt32Array(59, 58, 60), PackedInt32Array(60, 58, 61), PackedInt32Array(61, 58, 62), PackedInt32Array(66, 65, 63), PackedInt32Array(63, 65, 64), PackedInt32Array(68, 67, 69), PackedInt32Array(69, 67, 70), PackedInt32Array(73, 72, 71), PackedInt32Array(77, 76, 74), PackedInt32Array(74, 76, 75), PackedInt32Array(81, 80, 78), PackedInt32Array(78, 80, 79), PackedInt32Array(84, 83, 82), PackedInt32Array(87, 86, 85), PackedInt32Array(90, 89, 88), PackedInt32Array(93, 92, 91), PackedInt32Array(95, 94, 96), PackedInt32Array(96, 94, 97), PackedInt32Array(97, 94, 98), PackedInt32Array(100, 99, 101), PackedInt32Array(101, 99, 103), PackedInt32Array(101, 103, 102)]

[node name="Node3D" type="Node3D"]

[node name="WorldEnvironment" type="WorldEnvironment" parent="."]
environment = SubResource("Environment_rqqk8")

[node name="DirectionalLight3D" type="DirectionalLight3D" parent="."]
transform = Transform3D(-0.882948, 0.0956522, -0.459624, -3.72529e-09, 0.979024, 0.203744, 0.469472, 0.179896, -0.864427, 0, 11, -24)
shadow_enabled = true

[node name="RedButton" parent="." node_paths=PackedStringArray("doors") instance=ExtResource("3_j1g3y")]
transform = Transform3D(-0.000191971, -1, 0, 1, -0.000191971, 0, 0, 0, 1, 1.14977, 2.14706, 0)
doors = [NodePath("../Door_1"), NodePath("../Door_2")]

[node name="Door_1" parent="." instance=ExtResource("1_5f1dg")]
transform = Transform3D(0.348, 0, 0, 0, 2.622, 0, 0, 0, 2.07, 2.198, 1.01799, 2.25)

[node name="Door_2" parent="." instance=ExtResource("4_6ryya")]
transform = Transform3D(1, 0, 0, 0, 1, 0, 0, 0, 1.50868, 2.14605, 1.07552, -1.74181)

[node name="NavigationRegion3D" type="NavigationRegion3D" parent="."]
navigation_mesh = SubResource("NavigationMesh_cuq68")

[node name="walls" type="Node" parent="NavigationRegion3D"]

[node name="Cube3" parent="NavigationRegion3D/walls" instance=ExtResource("1_5f1dg")]
transform = Transform3D(1, 0, 0, 0, 2.90712, 0, 0, 0, 7.55942, 2.1974, 0.476447, -10.8141)
script = null

[node name="Cube4" parent="NavigationRegion3D/walls" instance=ExtResource("1_5f1dg")]
transform = Transform3D(1, 0, 0, 0, 2.90712, 0, 0, 0, 4.05204, 2.1974, 0.476447, -1.73616)
script = null

[node name="Cube5" parent="NavigationRegion3D/walls" instance=ExtResource("1_5f1dg")]
transform = Transform3D(1, 0, 0, 0, 2.90712, 0, 0, 0, 7.99633, 2.1974, 0.476447, 4.34359)
script = null

[node name="Quartzite" parent="NavigationRegion3D/walls" instance=ExtResource("16_f2ovt")]
transform = Transform3D(5, 0, 0, 0, 10, 0, 0, 0, 5, -8, 6, 2)

[node name="Floor" parent="NavigationRegion3D" instance=ExtResource("12_svhyn")]
transform = Transform3D(1, 0, 0, 0, 1, 0, 0, 0, 1, 0, 0.469485, 0)
FloorSize = Vector2(60, 60)

[node name="Floor" parent="NavigationRegion3D" instance=ExtResource("12_svhyn")]
transform = Transform3D(60, 0, 0, 0, 2, 0, 0, 0, 60, 0, -1, 0)
script = null

[node name="MeshInstance3D" parent="NavigationRegion3D/Floor/StaticBody3D" index="1"]
mesh = SubResource("BoxMesh_4qi6l")

[node name="Player" parent="." instance=ExtResource("25_552ag")]
transform = Transform3D(1, 0, 0, 0, 1, 0, 0, 0, 1, 0, 2, 0)

<<<<<<< HEAD
[node name="CasualEnemy" parent="." groups=["enemies"] instance=ExtResource("17_lsn5g")]
transform = Transform3D(1, 0, 0, 0, 1, 0, 0, 0, 1, 5, 2, 10)
=======
[node name="Head" parent="Player/BaseModel3D/Hitbox" index="0"]
transform = Transform3D(0.999864, 0.0105935, 0.0126557, -0.00667959, 0.960949, -0.276644, -0.0150921, 0.276522, 0.960889, -0.00096213, 0.619379, 0.0163883)

[node name="Chest" parent="Player/BaseModel3D/Hitbox" index="1"]
transform = Transform3D(1, 5.53797e-08, -2.90388e-07, -1.29283e-08, 0.990267, 0.139184, 2.95251e-07, -0.139184, 0.990267, -0.000962147, 0.379917, 0.0500451)

[node name="Tummy" parent="Player/BaseModel3D/Hitbox" index="2"]
transform = Transform3D(0.999762, 0.0218126, -4.0109e-08, -0.0217745, 0.998015, 0.0590956, 0.00128907, -0.0590816, 0.998252, -0.00449287, 0.217131, 0.059741)

[node name="Skeleton3D" parent="Player/BaseModel3D/MeshInstance3D/Bones_arm" index="0"]
bones/1/rotation = Quaternion(0.999999, 6.95413e-05, 6.95252e-05, 0.00127178)
bones/4/rotation = Quaternion(-0.147749, 0.0248129, -0.0558581, 0.987134)
bones/5/rotation = Quaternion(0.208023, 0.00303282, 0.0249009, 0.977802)
bones/6/rotation = Quaternion(-0.601515, -0.0474076, 0.0317884, 0.79682)
bones/7/position = Vector3(2.78815e-08, 0.234776, 4.23752e-08)
bones/7/rotation = Quaternion(0.528691, 0.00113688, -0.0257047, 0.848424)
bones/8/rotation = Quaternion(0.0510035, -0.0161757, 0.0653803, 0.996425)
bones/9/rotation = Quaternion(0.112607, -0.00317388, -0.0161543, 0.993503)
bones/10/rotation = Quaternion(-0.676793, 0.0324173, -0.0233983, 0.735087)
bones/11/rotation = Quaternion(0.552153, 0.00036829, -0.0204562, 0.833492)
bones/12/rotation = Quaternion(0.0180996, 0.374281, -0.0205535, 0.926911)
bones/13/rotation = Quaternion(0.0531298, -0.148022, 0.00090347, 0.987556)
bones/14/rotation = Quaternion(-0.0331021, -0.00751286, 0.0040147, 0.999416)
bones/15/rotation = Quaternion(-0.0423379, -0.710186, 0.0579918, 0.700343)
bones/16/rotation = Quaternion(-0.0159144, -0.799647, 0.068115, 0.596382)
bones/17/rotation = Quaternion(-0.0353107, -0.704664, 0.0389919, 0.707589)
bones/18/rotation = Quaternion(-0.0512542, -0.707783, 0.0578808, 0.702187)
bones/20/rotation = Quaternion(-0.0030152, 0.00189091, 0.123549, 0.992332)
bones/21/rotation = Quaternion(0.00306849, -0.00307865, 0.0753708, 0.997146)
bones/23/rotation = Quaternion(0.135349, 0.0261647, 0.0320269, 0.989935)
bones/25/rotation = Quaternion(-0.10329, 0.0246748, 0.0435323, 0.993392)
bones/26/rotation = Quaternion(-0.029559, -0.000322382, -0.0109022, 0.999504)
bones/27/position = Vector3(1.89175e-10, 0.161866, -8.20697e-08)
bones/27/rotation = Quaternion(-0.0402405, -0.000439054, 0.0108981, 0.999131)
bones/28/rotation = Quaternion(0.208401, 0.00729317, -0.0038618, 0.978009)
bones/29/rotation = Quaternion(0.100019, 0.000670231, -0.00486375, 0.994973)
bones/37/rotation = Quaternion(-0.831737, -0.0908855, -0.153838, 0.52563)
bones/38/rotation = Quaternion(-0.201556, -0.0274915, 0.105766, 0.973362)
bones/39/rotation = Quaternion(-0.0463173, 0.0114019, 0.118737, 0.991779)
bones/40/rotation = Quaternion(-0.0119967, 0.0146267, -0.0696177, 0.997394)
bones/41/rotation = Quaternion(0.00622796, -0.0135829, -0.211234, 0.977321)
bones/42/rotation = Quaternion(-0.113851, 0.130102, 0.0354264, 0.984305)
bones/43/rotation = Quaternion(0.550804, 0.279487, 0.691503, -0.374601)
bones/44/rotation = Quaternion(-0.327951, -0.073628, 0.00964658, 0.941772)
bones/45/rotation = Quaternion(-0.0275723, 0.362171, -0.062625, 0.929597)
bones/46/rotation = Quaternion(-0.169936, -0.18205, 0.155889, 0.955865)
bones/47/rotation = Quaternion(-0.35538, 0.0871556, -0.0558972, 0.92897)
bones/48/rotation = Quaternion(0.117862, -0.152362, 0.375289, 0.906671)
bones/49/rotation = Quaternion(-0.105408, -0.144842, 0.661876, 0.727894)
bones/50/rotation = Quaternion(-0.748934, 0.160216, -0.181175, 0.616931)
bones/53/rotation = Quaternion(-0.871427, 0.185917, -0.109687, 0.440476)
bones/54/rotation = Quaternion(-0.246687, -0.00488397, -0.0118134, 0.969011)
bones/55/rotation = Quaternion(-0.252501, -0.020004, -0.0107943, 0.96733)
bones/56/rotation = Quaternion(-0.893968, -0.00523954, -0.261819, 0.363656)
bones/57/rotation = Quaternion(-0.290677, 0.0108367, -0.0873905, 0.95276)
bones/58/rotation = Quaternion(-0.10856, -0.00633208, -0.0277885, 0.993681)
bones/59/rotation = Quaternion(-0.803797, -0.00465139, 0.248908, 0.540308)
bones/60/rotation = Quaternion(-0.357619, -0.0150644, -0.0585481, 0.931909)
bones/61/rotation = Quaternion(-0.110611, -0.013687, -0.0367633, 0.993089)
bones/62/rotation = Quaternion(0.625151, -0.379917, 0.628098, 0.26522)
bones/63/rotation = Quaternion(0.334442, 0.0324972, -0.0823303, 0.938251)
bones/64/rotation = Quaternion(-0.0397533, -0.0722768, -0.0227012, 0.996334)
bones/65/rotation = Quaternion(0.11988, -0.00589765, -0.0104058, 0.992716)
bones/66/rotation = Quaternion(0.0697124, -0.208262, -0.344892, 0.912588)
bones/67/rotation = Quaternion(0.119816, 0.262363, 0.524764, 0.800895)
bones/68/rotation = Quaternion(-0.0864728, 0.266496, 0.604302, 0.74587)
bones/69/rotation = Quaternion(0.470956, 0.23012, -0.0193318, 0.851394)
bones/70/rotation = Quaternion(0.669622, 0.0556969, -0.116525, 0.731387)
bones/71/rotation = Quaternion(0.736369, 0.0708951, -0.138604, 0.658425)
bones/72/rotation = Quaternion(0.63195, 0.147881, -0.166327, 0.742365)
bones/73/rotation = Quaternion(0.357314, 0.226475, -0.0555825, 0.904404)
bones/74/rotation = Quaternion(0.825367, 0.0151413, -0.134936, 0.548025)
bones/75/rotation = Quaternion(0.818221, 0.297734, 0.315761, 0.377046)
bones/76/rotation = Quaternion(0.37508, 0.0178488, 0.156437, 0.913523)
bones/77/rotation = Quaternion(0.542892, 0.222892, 0.343975, 0.732986)
bones/78/rotation = Quaternion(0.748822, 0.127079, 0.0281708, 0.649864)
bones/79/rotation = Quaternion(0.675824, -0.0591321, -0.0691137, 0.731429)
bones/80/rotation = Quaternion(0.591929, 0.0137684, -0.0140942, 0.80575)
bones/81/rotation = Quaternion(-0.681916, -0.152535, 0.694956, 0.16959)
bones/82/rotation = Quaternion(-0.00356063, 0.000794699, 0.0604193, 0.998167)
bones/83/rotation = Quaternion(-3.8184e-11, -1.64054e-11, -0.00110034, 0.999999)
bones/84/rotation = Quaternion(0.00347039, -0.00287107, 0.0365644, 0.999321)
bones/85/rotation = Quaternion(6.79459e-10, -1.3503e-11, 0.0196257, 0.999807)

[node name="C1" parent="Player/BaseModel3D/MeshInstance3D/Bones_arm/Skeleton3D/jiggelers" index="0"]
transform = Transform3D(-0.0158054, -0.0140216, -0.999777, 0.159423, -0.987146, 0.0113242, -0.987084, -0.159209, 0.0178376, -0.00544698, 1.5092, -0.194733)

[node name="C2" parent="Player/BaseModel3D/MeshInstance3D/Bones_arm/Skeleton3D/jiggelers" index="1"]
transform = Transform3D(-0.0154382, -0.00250143, -0.999878, 0.0196349, -0.999805, 0.00219809, -0.999688, -0.0195985, 0.0154842, -0.00868484, 1.28149, -0.231558)

[node name="C3" parent="Player/BaseModel3D/MeshInstance3D/Bones_arm/Skeleton3D/jiggelers" index="2"]
transform = Transform3D(-0.0154534, -0.00126792, -0.99988, 0.010961, -0.999939, 0.00109859, -0.99982, -0.0109427, 0.0154663, -0.00930489, 1.03389, -0.236427)

[node name="C4" parent="Player/BaseModel3D/MeshInstance3D/Bones_arm/Skeleton3D/jiggelers" index="3"]
transform = Transform3D(-0.0213358, -0.00343182, -0.999766, -0.0310319, -0.99951, 0.00409319, -0.99929, 0.031112, 0.0212189, -0.00961853, 0.786767, -0.239147)

[node name="C5" parent="Player/BaseModel3D/MeshInstance3D/Bones_arm/Skeleton3D/jiggelers" index="4"]
transform = Transform3D(-0.0213857, -0.00129679, -0.99977, -0.0350951, -0.999382, 0.00204699, -0.999154, 0.0351308, 0.0213268, -0.0104969, 0.531165, -0.231201)

[node name="HL2" parent="Player/BaseModel3D/MeshInstance3D/Bones_arm/Skeleton3D/jiggelers" index="6"]
transform = Transform3D(0.984463, 0.00898729, 0.175359, -0.149181, 0.569544, 0.808309, -0.0926102, -0.82191, 0.562037, 0.0726535, 4.01007, -0.245752)

[node name="HL3" parent="Player/BaseModel3D/MeshInstance3D/Bones_arm/Skeleton3D/jiggelers" index="7"]
transform = Transform3D(0.965351, -0.243273, -0.0944198, -0.0391255, -0.492666, 0.869338, -0.258004, -0.835522, -0.485114, 0.074653, 2.13697, -0.428503)

[node name="HL4" parent="Player/BaseModel3D/MeshInstance3D/Bones_arm/Skeleton3D/jiggelers" index="8"]
transform = Transform3D(0.992902, -0.106364, 0.0532104, 0.00604162, 0.491935, 0.87061, -0.118778, -0.864109, 0.489086, 0.0142354, 4.0149, -0.635846)

[node name="HL5" parent="Player/BaseModel3D/MeshInstance3D/Bones_arm/Skeleton3D/jiggelers" index="9"]
transform = Transform3D(0.879528, 0.303611, 0.366402, -0.171187, -0.516562, 0.838962, 0.443988, -0.800614, -0.402356, -0.0130714, 2.14121, -0.857364)

[node name="HL6" parent="Player/BaseModel3D/MeshInstance3D/Bones_arm/Skeleton3D/jiggelers" index="10"]
transform = Transform3D(0.864018, 0.157334, 0.478244, -0.497798, 0.409023, 0.764784, -0.0752861, -0.898857, 0.431724, 0.0681414, 4.00326, -1.07149)

[node name="LeftHandItem" parent="Player/BaseModel3D/MeshInstance3D/Bones_arm/Skeleton3D" index="6"]
transform = Transform3D(-0.304593, 0.0721047, 0.949749, -0.350999, -0.935454, -0.0415491, 0.885451, -0.346016, 0.310242, 0.394979, 0.934555, -0.0486065)

[node name="BoneAttachment3D2" parent="Player/BaseModel3D/MeshInstance3D/Bones_arm/Skeleton3D" index="7"]
transform = Transform3D(0.130557, -0.106472, 0.985707, 0.183832, -0.974377, -0.129597, 0.974249, 0.198125, -0.107638, -0.410683, 0.955731, 0.00885012)

[node name="CameraAttachment" parent="Player/BaseModel3D/MeshInstance3D/Bones_arm/Skeleton3D" index="8"]
transform = Transform3D(1, 0.000138906, 0.000139227, 0.000139259, -0.999997, -0.00254355, 0.000138873, 0.00254357, -0.999997, -0.00449285, 1.06825, -0.0374968)

[node name="CasualEnemy" parent="." groups=["enemies"] instance=ExtResource("17_lsn5g")]
transform = Transform3D(1, 0, 0, 0, 1, 0, 0, 0, 1, 5, 2, 10)

[editable path="Door_1"]
[editable path="Door_2"]
[editable path="NavigationRegion3D/walls/Cube3"]
[editable path="NavigationRegion3D/walls/Cube4"]
[editable path="NavigationRegion3D/walls/Cube5"]
[editable path="NavigationRegion3D/walls/Quartzite"]
[editable path="NavigationRegion3D/Floor"]
[editable path="Player"]
[editable path="Player/BaseModel3D/MeshInstance3D/Bones_arm/Skeleton3D/LeftHandItem/Spear"]
[editable path="Player/BaseModel3D/MeshInstance3D/Bones_arm/Skeleton3D/LeftHandItem/BladeOfTheRuinedKing"]
[editable path="Player/BaseModel3D/MeshInstance3D/Bones_arm/Skeleton3D/BoneAttachment3D2/Shield"]
[editable path="Player/Camera"]
>>>>>>> parent of 7eede71 (Revert "reimplemented death functions")
