[gd_scene load_steps=67 format=3 uid="uid://ckc1saq8s40bw"]

[ext_resource type="Texture2D" uid="uid://bqc2vyygavb6p" path="res://Objects/Models/Pantheon/pantheon_rename_000000013F732638-000000013F732638.png" id="1_saf0x"]
[ext_resource type="Texture2D" uid="uid://dgcako6ugpitn" path="res://Objects/Models/Pantheon/pantheon_rename_000000013F72CA38.jpg" id="2_jd4gy"]
[ext_resource type="Texture2D" uid="uid://cjvs6i4422glc" path="res://Objects/Models/Pantheon/pantheon_rename_00000001141F8E38.png" id="3_b0dax"]
[ext_resource type="Texture2D" uid="uid://d1pjwxfif4x1g" path="res://Objects/Models/Pantheon/pantheon_rename_000000013F730E78-000000013F730E78.png" id="4_x7f2j"]
[ext_resource type="Texture2D" uid="uid://dsxuas4gox6tm" path="res://Objects/Models/Pantheon/pantheon_rename_000000013F7335F8.jpg" id="5_or6eo"]
[ext_resource type="Script" path="res://addons/jigglebones/jigglebone.gd" id="6_su82r"]
[ext_resource type="PackedScene" uid="uid://bg2ebjv6utwto" path="res://Objects/spear.tscn" id="7_gbc5f"]
[ext_resource type="PackedScene" uid="uid://tt16ubykusa7" path="res://Objects/shield.tscn" id="8_mikjy"]

[sub_resource type="SphereShape3D" id="SphereShape3D_4mv5y"]
radius = 0.11

[sub_resource type="BoxShape3D" id="BoxShape3D_4me7l"]
size = Vector3(0.4, 0.3, 0.3)

[sub_resource type="BoxShape3D" id="BoxShape3D_miebg"]
size = Vector3(0.3, 0.2, 0.2)

[sub_resource type="StandardMaterial3D" id="StandardMaterial3D_ut4fi"]
resource_name = "base"
vertex_color_use_as_albedo = true
albedo_texture = ExtResource("1_saf0x")
roughness = 0.5
normal_enabled = true
normal_texture = ExtResource("2_jd4gy")

[sub_resource type="ArrayMesh" id="ArrayMesh_12kwo"]
resource_name = "pantheon_rename_mesh_36_81_nr_006"
_blend_shape_names = PackedStringArray("angry", "sad", "blink", "winkL", "winkR", "Glare", "a", "i", "u", "e", "o")
_surfaces = [{
"aabb": AABB(-0.603671, -0.0021117, -0.409151, 1.22401, 1.94068, 0.56715),
"attribute_data": PackedByteArray(255, 255, 255, 255, 68, 139, 4, 63, 44, 135, 198, 62, 255, 255, 255, 255, 190, 106, 5, 63, 184, 93, 200, 62, 255, 255, 255, 255, 209, 121, 5, 63, 118, 195, 198, 62, 255, 255, 255, 255, 75, 118, 4, 63, 100, 54, 200, 62, 255, 255, 255, 255, 251, 92, 5, 63, 232, 53, 198, 62, 255, 255, 255, 255, 76, 137, 4, 63, 52, 17, 198, 62, 255, 255, 255, 255, 212, 72, 3, 63, 138, 205, 199, 62, 255, 255, 255, 255, 18, 78, 3, 63, 184, 6, 198, 62, 255, 255, 255, 255, 99, 98, 3, 63, 228, 136, 197, 62, 255, 255, 255, 255, 210, 198, 1, 63, 210, 251, 198, 62, 255, 255, 255, 255, 17, 223, 1, 63, 90, 71, 197, 62, 255, 255, 255, 255, 152, 250, 1, 63, 180, 210, 196, 62, 255, 255, 255, 255, 69, 100, 0, 63, 120, 219, 197, 62, 255, 255, 255, 255, 46, 144, 0, 63, 236, 42, 196, 62, 255, 255, 255, 255, 146, 179, 0, 63, 52, 186, 195, 62, 255, 255, 255, 255, 240, 51, 254, 62, 184, 151, 196, 62, 255, 255, 255, 255, 246, 127, 254, 62, 0, 222, 194, 62, 255, 255, 255, 255, 196, 177, 254, 62, 10, 104, 194, 62, 255, 255, 255, 255, 225, 127, 251, 62, 188, 116, 195, 62, 255, 255, 255, 255, 4, 255, 251, 62, 106, 222, 193, 62, 255, 255, 255, 255, 194, 52, 252, 62, 176, 109, 193, 62, 255, 255, 255, 255, 174, 187, 1, 63, 36, 146, 200, 62, 255, 255, 255, 255, 132, 71, 3, 63, 2, 130, 201, 62, 255, 255, 255, 255, 184, 59, 3, 63, 56, 253, 201, 62, 255, 255, 255, 255, 55, 84, 4, 63, 98, 103, 202, 62, 255, 255, 255, 255, 73, 99, 4, 63, 248, 247, 201, 62, 255, 255, 255, 255, 151, 57, 5, 63, 4, 144, 202, 62, 255, 255, 255, 255, 92, 90, 5, 63, 162, 11, 202, 62, 255, 255, 255, 255, 98, 161, 6, 63, 56, 253, 201, 62, 255, 255, 255, 255, 2, 183, 6, 63, 118, 50, 200, 62, 255, 255, 255, 255, 208, 213, 6, 63, 144, 208, 198, 62, 255, 255, 255, 255, 137, 65, 8, 63, 168, 145, 198, 62, 255, 255, 255, 255, 81, 20, 8, 63, 240, 22, 200, 62, 255, 255, 255, 255, 206, 141, 9, 63, 144, 184, 199, 62, 255, 255, 255, 255, 64, 135, 9, 63, 246, 11, 198, 62, 255, 255, 255, 255, 71, 114, 9, 63, 68, 134, 197, 62, 255, 255, 255, 255, 118, 50, 8, 63, 104, 5, 198, 62, 255, 255, 255, 255, 31, 215, 6, 63, 162, 69, 198, 62, 255, 255, 255, 255, 63, 169, 6, 63, 232, 130, 202, 62, 255, 255blend_shape_mode = 0

[sub_resource type="Skin" id="Skin_j8d3j"]
resource_name = "Skin"
bind_count = 93
bind/0/name = &"Parents"
bind/0/bone = -1
bind/0/pose = Transform3D(1, 0, 0, 0, 1, -1.62921e-07, 0, 1.62921e-07, 1, 0, 0, 0.0368465)
bind/1/name = &"Center"
bind/1/bone = -1
bind/1/pose = Transform3D(1, 0.000139259, 0.000138875, 0.000138906, -0.999997, 0.00254373, 0.000139225, -0.00254371, -0.999997, 5.11711e-06, 1.09423, -0.0368464)
bind/2/name = &"Groove"
bind/2/bone = -1
bind/2/pose = Transform3D(1, -4.40916e-11, 1.15615e-07, 2.08331e-11, 1, -1.62688e-07, -1.07902e-07, 1.63154e-07, 1, 4.8152e-09, -1.09118, 0.040603)
bind/3/name = &"LowerBody"
bind/3/bone = -1
bind/3/pose = Transform3D(1, -4.4067e-11, 2.66611e-07, -2.0833e-11, -1, 1.61999e-07, 2.58898e-07, -1.62465e-07, -1, 0.000151993, 1.16641, -0.0396294)
bind/4/name = &"Leg.L"
bind/4/bone = -1
bind/4/pose = Transform3D(0.989172, 0.142337, 0.0357641, 0.142885, -0.989651, -0.0132547, 0.0335073, 0.0182214, -0.999272, -0.251479, 1.12298, -0.0635547)
bind/5/name = &"Knee.L"
bind/5/bone = -1
bind/5/pose = Transform3D(0.989113, 0.140589, 0.043476, 0.146459, -0.969231, -0.19784, 0.0143241, 0.202053, -0.97927, -0.250105, 0.519116, -0.164337)
bind/6/name = &"Ankle.L"
bind/6/bone = -1
bind/6/pose = Transform3D(0.999752, 0.0216251, 0.00528407, 0.00528353, -0.461084, 0.887341, 0.0216253, -0.887093, -0.461084, -0.243469, 0.178427, 0.0389073)
bind/7/name = &"Toe.L"
bind/7/bone = -1
bind/7/pose = Transform3D(0.999764, 0.0205511, 0.00697129, 0.00697145, -0.608359, 0.793631, 0.020551, -0.793396, -0.608359, -0.243574, -0.0482405, 0.0480708)
bind/8/name = &"Leg.R"
bind/8/bone = -1
bind/8/pose = Transform3D(0.991648, -0.12399, -0.0355181, -0.124526, -0.992128, -0.0132878, -0.033591, 0.0175998, -0.999281, 0.230947, 1.12745, -0.0628588)
bind/9/name = &"Knee.R"
bind/9/bone = -1
bind/9/pose = Transform3D(0.995189, -0.0905364, -0.0374485, -0.0962134, -0.975251, -0.199068, -0.0184987, 0.201714, -0.97927, 0.212314, 0.532244, -0.164672)
bind/10/name = &"Ankle.R"
bind/10/bone = -1
bind/10/pose = Transform3D(0.999752, -0.0216194, -0.00528252, -0.00528224, -0.461084, 0.887341, -0.0216194, -0.887093, -0.461084, 0.209324, 0.178607, 0.0396474)
bind/11/name = &"Toe.R"
bind/11/bone = -1
bind/11/pose = Transform3D(0.999765, -0.0205439, -0.00696867, -0.00696915, -0.608359, 0.793631, -0.0205437, -0.793396, -0.608359, 0.209428, -0.0480021, 0.0487747)
bind/12/name = &"Skirt1"
bind/12/bone = -1
bind/12/pose = Transform3D(1, -1.52134e-08, 5.80765e-07, -1.75012e-10, -0.999657, -0.0261929, 5.73253e-07, 0.0261929, -0.999657, -5.32775e-08, 0.953639, 0.0917994)
bind/13/name = &"Skirt2"
bind/13/bone = -1
bind/13/pose = Transform3D(1, -1.99132e-08, 5.80622e-07, -2.34378e-10, -0.999412, -0.0342879, 5.73254e-07, 0.0342879, -0.999412, -4.97379e-08, 0.755032, 0.0856875)
bind/14/name = &"Skirt3"
bind/14/bone = -1
bind/14/pose = Transform3D(1, -7.14086e-08, 8.16134e-07, -6.42544e-10, -0.996194, -0.0871711, 8.11567e-07, 0.0871712, -0.996193, -4.71658e-08, 0.531386, 0.0576248)
bind/15/name = &"Skirtside1"
bind/15/bone = -1
bind/15/pose = Transform3D(2.91202e-07, 0.0377311, -0.999288, -4.57975e-08, -0.999288, -0.0377311, -1, 5.69675e-08, -2.96974e-07, 0.0597207, 0.705047, -0.0711948)
bind/16/name = &"Skirtside2"
bind/16/bone = -1
bind/16/pose = Transform3D(2.91529e-07, 0.0593458, -0.998237, -3.57739e-08, -0.998238, -0.0593458, -1, 5.15489e-08, -2.96713e-07, 0.0560237, 0.699701, 0.0848277)
bind/17/name = &"Skirtmid1"
bind/17/bone = -1
bind/17/pose = Transform3D(2.91071e-07, 0.0593457, -0.998237, 3.34244e-09, -0.998238, -0.0593457, -1, 1.4335e-08, -2.98475e-07, 0.06076, 0.595765, 0.0301402)
bind/18/name = &"Skirtmid2"
bind/18/bone = -1
bind/18/pose = Transform3D(2.9113e-07, 0.0593458, -0.998237, 3.34393e-09, -0.998238, -0.0593458, -1, 1.4335e-08, -2.98475e-07, 0.0536623, 0.563291, -0.0207796)
bind/19/name = &"Skirtback1"
bind/19/bone = -1
bind/19/pose = Transform3D(0.000882069, 0.385108, -0.922871, 0.00132341, -0.922871, -0.385106, -0.999999, -0.000881644, -0.00132371, -0.596915, 0.923655, 0.000695848)
bind/20/name = &"Skirtback2"
bind/20/bone = -1
bind/20/pose = Transform3D(0.00567748, 0.147071, -0.98911, 0.00658359, -0.98911, -0.147033, -0.999962, -0.00567712, -0.00658393, -0.386481, 0.906338, 0.0039578)
bind/21/name = &"Skirtback3"
bind/21/bone = -1
bind/21/pose = Transform3D(3.16653e-07, -0.00329626, -0.999995, 3.53235e-10, -0.999995, 0.00329637, -1, -3.43345e-09, -3.35267e-07, -0.267993, 0.808426, 0.00115525)
bind/22/name = &"Skirtbackside1"
bind/22/bone = -1
bind/22/pose = Transform3D(-0.0730079, 0.417324, -0.90582, 0.106651, -0.899769, -0.423132, -0.991612, -0.127499, 0.0211821, -0.498618, 0.941289, 0.330822)
bind/23/name = &"Skirtbackside2"
bind/23/bone = -1
bind/23/pose = Transform3D(-0.0224689, 0.35797, -0.933463, -0.160751, -0.922843, -0.350028, -0.986739, 0.14219, 0.0782792, -0.45815, 0.84049, 0.0877576)
bind/24/name = &"Skirtbackside3"
bind/24/bone = -1
bind/24/pose = Transform3D(-0.0731167, 0.430509, -0.89962, -0.0917751, -0.901111, -0.423763, -0.993092, 0.0515785, 0.105396, -0.539241, 0.949538, -0.216594)
bind/25/name = &"Skirtbackside4"
bind/25/bone = -1
bind/25/pose = Transform3D(-0.0226047, 0.352017, -0.93572, 0.118891, -0.928371, -0.352125, -0.99265, -0.119208, -0.0208661, -0.462049, 0.835089, -0.0755259)
bind/26/name = &"UpperBody"
bind/26/bone = -1
bind/26/pose = Transform3D(0.999762, -0.0216634, 0.00254723, 0.0218126, 0.992922, -0.116748, -3.35276e-08, 0.116776, 0.993158, 0.0270889, -1.23463, -0.141597)
bind/27/name = &"UpperBody2"
bind/27/bone = -1
bind/27/pose = Transform3D(1, 8.11823e-08, 2.84076e-07, -1.38401e-09, 0.962394, -0.271657, -2.87718e-07, 0.271657, 0.962394, -0.00337883, -1.35705, -0.3597)
bind/28/name = &"Head"
bind/28/bone = -1
bind/28/pose = Transform3D(1, -5.82434e-08, -2.87044e-07, 1.34855e-07, 0.965233, 0.261391, 2.6869e-07, -0.261391, 0.965233, -0.00337866, -1.55651, 0.512858)
bind/29/name = &"Neck"
bind/29/bone = -1
bind/29/pose = Transform3D(0.999949, -0.00916132, -0.00427429, 0.0101094, 0.906175, 0.422781, 3.09665e-08, -0.422803, 0.906222, 0.0121377, -1.5348, 0.787289)
bind/30/name = &"Eyes"
bind/30/bone = -1
bind/30/pose = Transform3D(1, -8.18399e-10, 3.74048e-08, 4.4166e-09, 1, -1.3909e-08, -2.8702e-08, 1.92723e-07, 1, -0.00473273, -1.95636, 0.0399939)
bind/31/name = &"_dummy_eye.L"
bind/31/bone = -1
bind/31/pose = Transform3D(0.954716, -3.5023e-08, -0.297519, -1.11513e-08, 1, 1.37672e-08, 0.297519, 1.61961e-07, 0.954716, 0.0120698, -1.69843, -0.0348597)
bind/32/name = &"_dummy_eye.R"
bind/32/bone = -1
bind/32/pose = Transform3D(0.954716, 3.67632e-08, 0.297519, 1.6525e-08, 1, 1.37672e-08, -0.297519, 1.61419e-07, 0.954716, -0.00987043, -1.69843, -0.0355451)
bind/33/name = &"eye.L"
bind/33/bone = -1
bind/33/pose = Transform3D(0.954716, -1.73182e-08, -0.297519, -3.39113e-08, 1, 3.72669e-09, 0.297519, 7.16038e-08, 0.954716, -0.0261831, -1.81877, -0.0359242)
bind/34/name = &"eye.R"
bind/34/bone = -1
bind/34/pose = Transform3D(0.954716, 3.52921e-08, 0.29752, 1.95128e-09, 1, 5.61988e-08, -0.297519, 9.72184e-08, 0.954716, 0.0171247, -1.81922, -0.0328559)
bind/35/name = &"_shadow_eye.L"
bind/35/bone = -1
bind/35/pose = Transform3D(0.954716, -5.18961e-08, -0.297519, 1.41275e-08, 1, -4.24596e-08, 0.297519, 1.85692e-07, 0.954716, 0.0120698, -1.69843, -0.0348596)
bind/36/name = &"_shadow_eye.R"
bind/36/bone = -1
bind/36/pose = Transform3D(0.954716, 3.25752e-08, 0.29752, 1.43252e-08, 1, -3.35928e-08, -0.29752, 1.60497e-07, 0.954716, -0.00987039, -1.69843, -0.035545)
bind/37/name = &"helmet light1"
bind/37/bone = -1
bind/37/pose = Transform3D(0.936405, -0.171024, 0.306425, 0.309416, -0.00955598, -0.950879, 0.165552, 0.98522, 0.0439696, 0.383213, -0.0960291, -1.98808)
bind/38/name = &"helmet light2"
bind/38/bone = -1
bind/38/pose = Transform3D(0.975477, -0.16973, 0.140132, -0.00820487, -0.664265, -0.747452, 0.21995, 0.727972, -0.649368, 0.317109, 1.07151, -1.72438)
bind/39/name = &"helmet light3"
bind/39/bone = -1
bind/39/pose = Transform3D(0.917712, -0.381429, 0.110978, -0.30985, -0.862135, -0.400893, 0.248591, 0.333518, -0.909378, 0.702664, 1.42649, -1.12537)
bind/40/name = &"helmet light4"
bind/40/bone = -1
bind/40/pose = Transform3D(0.955144, -0.27005, 0.121542, -0.144077, -0.782324, -0.605979, 0.25873, 0.561286, -0.786141, 0.524512, 0.916846, -1.42576)
bind/41/name = &"helmet light5"
bind/41/bone = -1
bind/41/pose = Transform3D(0.944246, 0.146549, 0.294827, 0.22116, -0.94569, -0.238241, 0.243901, 0.290162, -0.925375, 0.0523479, 1.20074, -1.14004)
bind/42/name = &"helmet light6"
bind/42/bone = -1
bind/42/pose = Transform3D(0.859762, 0.16228, 0.484226, 0.0917899, -0.981833, 0.166067, 0.502378, -0.0983311, -0.859039, 0.195876, 1.32263, -0.621101)
bind/43/name = &"Shoulder.L"
bind/43/bone = -1
bind/43/pose = Transform3D(-0.11895, -0.0419736, 0.992013, 0.827461, -0.5564, 0.0756767, 0.54878, 0.829853, 0.100915, 0.205344, 0.852188, -1.38097)
bind/44/name = &"Arm.L"
bind/44/bone = -1
bind/44/pose = Transform3D(0.0811882, -0.110952, 0.990504, 0.440971, -0.887229, -0.135528, 0.893842, 0.447787, -0.0231061, 0.259395, 1.21609, -0.90354)
bind/45/name = &"Elbow.L"
bind/45/bone = -1
bind/45/pose = Transform3D(-0.170427, 0.234927, 0.956955, 0.508922, -0.810622, 0.289639, 0.843773, 0.536378, 0.0185926, -0.0872714, 0.874747, -0.990114)
bind/46/name = &"Wrist.L"
bind/46/bone = -1
bind/46/pose = Transform3D(-0.110074, 0.2508, 0.96176, 0.386519, -0.880674, 0.273893, 0.915689, 0.401887, 6.85453e-07, -0.135039, 0.706711, -0.892864)
bind/47/name = &"Thumb０.L"
bind/47/bone = -1
bind/47/pose = Transform3D(-0.388643, 0.863492, 0.321463, -0.511006, -0.492315, 0.704626, 0.7667, 0.109578, 0.632584, -0.65902, 0.755046, -0.504007)
bind/48/name = &"Thumb１.L"
bind/48/bone = -1
bind/48/pose = Transform3D(-0.193755, 0.478498, 0.856445, -0.345776, -0.850275, 0.396825, 0.918095, -0.219251, 0.330198, -0.400054, 0.979742, -0.248259)
bind/49/name = &"親指２.L"
bind/49/bone = -1
bind/49/pose = Transform3D(-0.292649, 0.191017, 0.936947, -0.312946, -0.945016, 0.0949154, 0.903561, -0.265437, 0.336336, -0.0911052, 1.01927, -0.198887)
bind/50/name = &"IndexFinger１.L"
bind/50/bone = -1
bind/50/pose = Transform3D(-0.179579, 0.209644, 0.961145, 0.461377, -0.84496, 0.270506, 0.86884, 0.492027, 0.0550123, -0.0990461, 0.488176, -0.94663)
bind/51/name = &"人指２.L"
bind/51/bone = -1
bind/51/pose = Transform3D(-0.1276, 0.319612, 0.938918, -0.0335085, -0.947505, 0.317981, 0.99126, 0.00911258, 0.131611, -0.224729, 0.831981, -0.603755)
bind/52/name = &"人指３.L"
bind/52/bone = -1
bind/52/pose = Transform3D(-0.128129, 0.292834, 0.947539, -0.305203, -0.920691, 0.243267, 0.943628, -0.258022, 0.207342, -0.202557, 0.935522, -0.356919)
bind/53/name = &"MiddleFinger１.L"
bind/53/bone = -1
bind/53/pose = Transform3D(-0.0770023, 0.195745, 0.977627, 0.160598, -0.965299, 0.205927, 0.984012, 0.172862, 0.0428939, -0.106103, 0.760964, -0.719519)
bind/54/name = &"中指２.L"
bind/54/bone = -1
bind/54/pose = Transform3D(-0.0652178, 0.218099, 0.973745, -0.331269, -0.925213, 0.185042, 0.94128, -0.310504, 0.13259, -0.131795, 0.972251, -0.287844)
bind/55/name = &"中指３.L"
bind/55/bone = -1
bind/55/pose = Transform3D(-0.0200195, 0.21414, 0.976598, -0.750384, -0.648714, 0.126862, 0.660699, -0.730284, 0.173674, -0.154344, 0.943512, 0.205891)
bind/56/name = &"RingFinger１.L"
bind/56/bone = -1
bind/56/pose = Transform3D(-0.0734202, 0.0136546, 0.997207, -0.0437084, -0.998989, 0.0104611, 0.996343, -0.0428185, 0.0739429, 0.0898705, 0.900493, -0.525512)
bind/57/name = &"薬指２.L"
bind/57/bone = -1
bind/57/pose = Transform3D(-0.0346825, 0.184801, 0.982164, -0.601172, -0.788929, 0.127214, 0.798367, -0.586037, 0.13846, -0.0768248, 1.0119, 0.0471923)
bind/58/name = &"薬指３.L"
bind/58/bone = -1
bind/58/pose = Transform3D(0.0126112, 0.216075, 0.976295, -0.760002, -0.632425, 0.149787, 0.649799, -0.743875, 0.156242, -0.128191, 0.933547, 0.256734)
bind/59/name = &"PinkyFinger１.L"
bind/59/bone = -1
bind/59/pose = Transform3D(-0.017998, -0.0280308, 0.999445, -0.124425, -0.991773, -0.0300563, 0.992066, -0.124897, 0.0143623, 0.127822, 0.941979, -0.439529)
bind/60/name = &"小指２.L"
bind/60/bone = -1
bind/60/pose = Transform3D(0.0637686, 0.0609763, 0.9961, -0.753402, -0.651628, 0.0881209, 0.654461, -0.756083, 0.00438636, 0.00669778, 0.978112, 0.282649)
bind/61/name = &"小指３.L"
bind/61/bone = -1
bind/61/pose = Transform3D(0.139417, 0.0796936, 0.987021, -0.871202, -0.46394, 0.160517, 0.470711, -0.882274, 0.00474796, -0.0496919, 0.860944, 0.484723)
bind/62/name = &"Shoulder.R"
bind/62/bone = -1
bind/62/pose = Transform3D(-0.0853801, 0.0113017, 0.996285, -0.805338, -0.589531, -0.0623286, 0.586636, -0.807667, 0.0594359, 0.0979509, 0.893335, 1.3628)
bind/63/name = &"Arm.R"
bind/63/bone = -1
bind/63/pose = Transform3D(-0.0816618, -0.105196, 0.991093, -0.449082, -0.883862, -0.130817, 0.889751, -0.455765, 0.0249359, 0.274199, 1.2159, 0.895377)
bind/64/name = &"Elbow.R"
bind/64/bone = -1
bind/64/pose = Transform3D(0.134711, 0.176695, 0.975004, -0.522502, -0.823389, 0.22141, 0.841929, -0.539268, -0.018596, -0.00697042, 0.890265, 0.97614)
bind/65/name = &"Wrist.R"
bind/65/bone = -1
bind/65/pose = Transform3D(0.153964, 0.189851, 0.969666, -0.304285, -0.924563, 0.229335, 0.940056, -0.330364, -0.0845808, -0.0110191, 0.807131, 0.807427)
bind/66/name = &"Thumb０.R"
bind/66/bone = -1
bind/66/pose = Transform3D(0.213036, 0.862149, 0.45969, 0.367257, -0.506648, 0.78002, 0.905394, 0.00265211, -0.424565, -0.735082, 0.718926, 0.424896)
bind/67/name = &"親指１.R"
bind/67/bone = -1
bind/67/pose = Transform3D(0.145513, 0.603396, 0.784053, 0.395541, -0.761878, 0.512922, 0.906848, 0.235488, -0.349531, -0.514429, 0.929702, 0.199616)
bind/68/name = &"親指２.R"
bind/68/bone = -1
bind/68/pose = Transform3D(0.264229, 0.320671, 0.90959, 0.241833, -0.935007, 0.259381, 0.933649, 0.151433, -0.324605, -0.197607, 0.981983, 0.290171)
bind/69/name = &"IndexFinger１.R"
bind/69/bone = -1
bind/69/pose = Transform3D(0.130104, 0.199854, 0.97115, -0.427502, -0.872445, 0.236814, 0.894603, -0.445979, -0.0280709, -0.0828704, 0.565266, 0.907217)
bind/70/name = &"人指２.R"
bind/70/bone = -1
bind/70/pose = Transform3D(0.110089, 0.321833, 0.940374, 0.070761, -0.946262, 0.315565, 0.9914, 0.0318017, -0.126946, -0.20058, 0.864994, 0.548624)
bind/71/name = &"人指３.R"
bind/71/bone = -1
bind/71/pose = Transform3D(0.12436, 0.314438, 0.941097, 0.223165, -0.933023, 0.282251, 0.966815, 0.174919, -0.186203, -0.186198, 0.899873, 0.416168)
bind/72/name = &"MiddleFinger１.R"
bind/72/bone = -1
bind/72/pose = Transform3D(0.0475128, 0.163515, 0.985396, -0.0841195, -0.982351, 0.167066, 0.995322, -0.0908287, -0.0329195, -0.0593539, 0.840794, 0.639582)
bind/73/name = &"中指２.R"
bind/73/bone = -1
bind/73/pose = Transform3D(0.0541231, 0.207274, 0.976785, 0.29116, -0.938985, 0.18312, 0.955142, 0.27449, -0.111171, -0.0929191, 0.965865, 0.304917)
bind/74/name = &"中指３.R"
bind/74/bone = -1
bind/74/pose = Transform3D(0.0380758, 0.17946, 0.983029, 0.776943, -0.623966, 0.0838169, 0.628418, 0.760566, -0.163189, -0.079324, 0.932164, -0.266425)
bind/75/name = &"RingFinger１.R"
bind/75/bone = -1
bind/75/pose = Transform3D(0.0717369, 0.139602, 0.987606, 0.101874, -0.986004, 0.131976, 0.992207, 0.0911439, -0.0849548, 0.013936, 0.937984, 0.455081)
bind/76/name = &"薬指２.R"
bind/76/bone = -1
bind/76/pose = Transform3D(0.0424793, 0.177786, 0.983152, 0.514615, -0.847356, 0.130995, 0.856369, 0.50038, -0.127487, -0.0344234, 1.00295, 0.0339069)
bind/77/name = &"薬指３.R"
bind/77/bone = -1
bind/77/pose = Transform3D(-0.0122958, 0.207487, 0.978161, 0.822943, -0.55357, 0.127768, 0.567991, 0.806541, -0.163944, -0.0874581, 0.887904, -0.366868)
bind/78/name = &"PinkyFinger１.R"
bind/78/bone = -1
bind/78/pose = Transform3D(0.000973931, 0.053815, 0.998551, 0.247228, -0.967566, 0.0519041, 0.968957, 0.24682, -0.014247, 0.0836253, 0.986728, 0.301535)
bind/79/name = &"小指２.R"
bind/79/bone = -1
bind/79/pose = Transform3D(-0.0618266, 0.106763, 0.992361, 0.668528, -0.733843, 0.120601, 0.741112, 0.670877, -0.0260031, 0.00460372, 0.992827, -0.180802)
bind/80/name = &"小指３.R"
bind/80/bone = -1
bind/80/pose = Transform3D(-0.175595, 0.060492, 0.982603, 0.936235, -0.29831, 0.185674, 0.304352, 0.95255, -0.00425327, -0.0162695, 0.746598, -0.633372)
bind/81/name = &"Cape1"
bind/81/bone = -1
bind/81/pose = Transform3D(-1.32521e-07, 0.142802, -0.989751, -5.74123e-08, -0.989751, -0.142802, -1, 3.95779e-08, 1.31125e-07, -0.525739, 1.47084, -2.15277e-08)
bind/82/name = &"Cape2"
bind/82/bone = -1
bind/82/pose = Transform3D(-4.30421e-08, 0.0694922, -0.997583, 1.96066e-09, -0.997582, -0.0694922, -1, -3.26876e-09, 3.45652e-08, -0.432957, 1.27528, 6.48253e-10)
bind/83/name = &"Cape3"
bind/83/bone = -1
bind/83/pose = Transform3D(-4.30793e-08, 0.0716874, -0.997427, 1.94227e-09, -0.997427, -0.0716874, -1, -3.34726e-09, 3.45925e-08, -0.435217, 1.02645, 7.40921e-10)
bind/84/name = &"Cape4"
bind/84/bone = -1
bind/84/pose = Transform3D(-4.292e-08, 0.0428907, -0.99908, 2.18291e-09, -0.99908, -0.0428907, -1, -2.34351e-09, 3.45502e-08, -0.412566, 0.791326, -8.63922e-11)
bind/85/name = &"Cape5"
bind/85/bone = -1
bind/85/pose = Transform3D(-4.2855e-08, 0.00365, -0.999994, 2.50744e-09, -0.999993, -0.00365004, -1, -9.85592e-10, 3.46088e-08, -0.391237, 0.551175, -8.1396e-10)
bind/86/name = &"CenterPoint"
bind/86/bone = -1
bind/86/pose = Transform3D(1, 1.41667e-11, 7.83621e-08, -1.53762e-11, 1, -1.62222e-07, -7.06496e-08, 1.62455e-07, 1, 2.91647e-09, 1.19235e-07, 0.0368465)
bind/87/name = &"FootＩＫ.L"
bind/87/bone = -1
bind/87/pose = Transform3D(1, 0, 0, 0, 1, -1.62921e-07, 0, 1.62921e-07, 1, -0.241624, -0.122049, 0.139099)
bind/88/name = &"ToeＩＫ.L"
bind/88/bone = -1
bind/88/pose = Transform3D(1, 0, 0, 0, 1, -1.62921e-07, 0, 1.62921e-07, 1, -0.242865, -0.0137976, -0.0692275)
bind/89/name = &"FootＩＫ.R"
bind/89/bone = -1
bind/89/pose = Transform3D(1, 0, 0, 0, 1, -1.62921e-07, 0, 1.62921e-07, 1, 0.207471, -0.122049, 0.139099)
bind/90/name = &"ToeＩＫ.R"
bind/90/bone = -1
bind/90/pose = Transform3D(1, 0, 0, 0, 1, -1.62921e-07, 0, 1.62921e-07, 1, 0.208711, -0.0137976, -0.0692279)
bind/91/name = &"Spear"
bind/91/bone = -1
bind/91/pose = Transform3D(1, 0, 0, 0, 1, -1.62921e-07, 0, 1.62921e-07, 1, -2.37441, -0.703681, -0.0142379)
bind/92/name = &"Shield"
bind/92/bone = -1
bind/92/pose = Transform3D(1, 0, 0, 0, 1, -1.62921e-07, 0, 1.62921e-07, 1, -1.56254, -0.988591, -0.0336367)

[sub_resource type="StandardMaterial3D" id="StandardMaterial3D_jnfoj"]
resource_name = "hair"
vertex_color_use_as_albedo = true
albedo_texture = ExtResource("1_saf0x")
roughness = 0.5
normal_enabled = true
normal_texture = ExtResource("2_jd4gy")

[sub_resource type="ArrayMesh" id="ArrayMesh_a3p3m"]
resource_name = "pantheon_rename_mesh_36_81_nr_009"
_surfaces = [{
"aabb": AABB(-0.0230369, 1.77254, -0.192892, 0.0567445, 0.234646, 0.325525),
